0,1,2,3,4,5,6,7,8,9,10,11,12,13,14,15,16,17,18,19,20,21,22,23,24,25,26,27,28,29,30,31,32,33,34,35,36,37,38,39,40,41,42,43,44,45,46,47,48,49,50,51,52,53,54,55,56,57,58,59,60,61,62,63,64,65,66,67,68,69,70,71,72,73,74,75,76,77,78,79,80,81,82,83,84,85,86,87
0.0,1.9864917689702957,1.1777865333957596,2.4374167223899477,1.5907076139035843,1.250062449656785,1.477340650699756,2.8713888899511995,0.7117907647182785,0.9089298961064859,2.0369102271252766,2.7563631229105154,3.222328325505664,0.5992476516174033,0.7304523833890517,0.4936598288822438,1.4666820484913312,0.5602042541052429,0.7979701424788714,1.41063600639532,3.64585096186216,1.901740765837168,1.315058682442218,0.8592547496261996,1.7463428417422413,0.6801532198572154,5.20155578209027,0.8623878861777715,4.32314015534703,0.5399918132176176,2.7020832637647216,0.12725699467138823,0.9645514854967187,1.0650768642445458,1.1208571626151704,0.7295941778630555,1.5265693538898535,1.4480859692917203,1.4323141602451908,1.0978932494639435,1.274172200485607,1.3434775259448022,1.204942481957378,0.677014495210772,0.16170166001411404,0.294069387128953,1.280976369089929,2.9644578285745466,1.9047530923086557,1.085737510147251,0.5357892618147612,1.4885396629894043,1.4738761035849786,1.87932226488806,5.986444451284987,0.8501329336368076,1.2291223413673658,1.381601416953167,3.113740449711297,2.77872506607011,2.080032627219751,3.018028860837248,1.2214610854247343,0.92887186608287,17.349557125374673,4.227689269005277,2.7075299260784673,0.3935023734636227,0.5569004608557263,1.7410234193986895,0.6330668254478772,0.4375623838909158,1.5015921554665084,1.710282845235144,1.1312077380761076,0.3366399341747011,1.707577572307602,3.7886735165173473,1.1153659214082374,1.5883660451797936,3.1486965871485757,0.22337866718225433,0.4077321469933356,19.783315220837213,1.3680639602988316,1.401953648665056,6.198445553812978,6.218868758681197
1.9864917689702957,0.0,2.44389966450527,2.660610337826519,1.8373757828911128,1.6467991534007658,3.2871280915550924,2.667943371508783,1.6288448159604674,1.666629656652933,3.9035618510487025,3.531439700059768,5.081116750613717,1.7176088844051314,1.4265890817725484,1.746912777873364,1.5553706150926547,1.722276926512586,1.6076223802600895,1.424998987356157,5.374299008631081,1.4583954135211565,1.8606270617583054,1.6177124600299422,1.903970872977416,1.3748489970026048,6.263686235509585,1.1493417511789523,3.6182219413215013,2.129379900020174,2.6885169871151797,2.0873711962401225,1.5398290492797486,2.982326467662989,2.9551261638954878,1.8409928756527498,1.9664277404179447,1.987504256518587,1.0921413412363334,2.512671956621039,2.491938803966859,1.8371464546648648,1.097801918290116,2.44193684180405,1.9995404482676502,1.7043290515998113,1.1915340350385892,1.038407163279796,2.6056266072817365,2.825356281295496,1.8829396111178711,2.762814547244208,3.460311538991015,0.14841874696936885,4.183217269596711,2.8029894773642563,3.205485193835865,3.303673603817251,4.129569628250919,3.73885911298319,3.0780766295311826,1.052178299207707,3.207843187726527,2.8933832976698195,18.519843060130583,3.9255505278994294,3.8502731081385653,2.3142245754118402,2.3379763873431987,2.456034648791694,1.8523964821101682,2.0019234957398884,3.068122265372488,1.0332401880427093,3.048499782408479,2.3161216662718433,3.528248910971883,3.011037615739595,2.6772887851237335,3.4562354827385593,1.2522500619392374,2.005761449489357,1.836215320190672,18.334732058048893,1.6693759938411086,0.5845484545643249,4.440881902005813,5.102553320681479
1.1777865333957596,2.44389966450527,0.0,1.4534137429158132,0.9665481560816843,2.363658081413875,1.0524550907135024,2.0103817428073234,0.8708615252071372,0.7790057734650014,1.650200336708702,1.581382630471147,3.762746806030813,0.840417521768035,1.0955121541460764,0.8859615677601012,1.0870917620901273,0.861458953089537,0.8604140329190408,1.1543641072098387,4.335421239553901,1.53686487789213,0.7184939447956746,0.8351321069230861,1.071499705889462,1.6214119491619292,6.237781431156893,1.664490069726763,3.5302563380440373,1.703737649889527,1.779702194077767,1.2477658257612887,0.90410224606011,1.8136861034493683,1.9879008647452479,0.6557338819691062,0.802372887701939,0.7114135439062601,1.4273147303710862,0.17054425646189403,0.09720334584220182,0.7598154987856147,1.3497427607111956,1.7340248910268492,1.0169616481290766,1.3206095905906885,2.254219133987187,3.1822645833181955,0.8112415827302099,2.0572714412260154,0.7394329223167424,0.3456467977615203,1.7677303765379215,2.300008815981578,5.8436230252861625,1.0937185114287988,1.4286621533460464,1.2789059434217878,4.2178496244287915,3.906612194934283,3.2277665397859465,3.2965931984447834,1.5920537920373943,1.1815999126830443,18.250441366325216,3.265122303024146,3.79407311028159,0.9447498931692335,0.7150415381619496,0.6858340929637815,0.6972914218788112,0.7556292690082946,0.6551135010629203,1.6452179191427998,1.8600910042452565,1.1057236791376772,2.472077105914099,3.0833953628809763,0.3767116303176786,1.274717741443144,3.6960890847524195,0.9559710732782847,0.8759450109449558,19.161624742456297,0.9243257798278942,1.9520912748074983,6.879376884024655,7.22230195356178
2.4374167223899477,2.660610337826519,1.4534137429158132,0.0,0.9494125741335702,3.365671628294614,2.371193232596661,0.6181921811655331,1.8015965123097581,1.5882408528696055,2.8573137741601053,1.0272929327955866,5.20062334698719,1.8759631644192163,1.9411664130565023,1.9758722774821733,1.21498567491917,1.915156368684528,1.7252926999517129,1.3494899628595478,5.787289435933214,1.208793121705468,1.1512491363705912,1.659428545428543,0.818607487669141,2.5801905412119215,7.627915698962208,2.493830917229941,2.1132960542933463,2.972065178897659,0.35041905111306515,2.543340933639983,1.6046353812270526,3.2535074708228926,3.411866359179084,1.7121246639890937,0.9371521779325954,1.0001468947146217,1.6439750381205418,1.6195321747603215,1.3767847732137342,1.1348689761586146,1.7855196658955081,3.0867716142834483,2.285293995430333,2.4462200421173717,3.0869998124476163,2.9320779826721965,0.6718479101461302,3.4541323536169837,1.902042439032741,1.3978685756550606,3.2056411881740634,2.520722638257853,4.908022754284907,2.5470788320442295,2.8693974108943103,2.6739066813966486,5.551007243817698,5.2116399671450875,4.505118339273271,3.099468142128261,3.0424546990825965,2.6346714393486077,19.697393424856823,1.817293694101116,5.143822142564156,2.333876750829938,2.1228116725495116,0.7678197421119535,1.8069712234297914,2.0126009582418427,1.8535872598740426,1.6282373847500764,3.303399164442643,2.484840107246164,3.919759348463028,1.7465572110436791,1.7978208526970916,2.594371968531756,3.769366477562117,2.226850142352059,2.037639146508569,17.76251470191244,1.1983764141176902,2.436834086690447,6.904124796676229,7.760159399416189
1.5907076139035843,1.8373757828911128,0.9665481560816843,0.9494125741335702,0.0,2.4203190845227094,2.0187050712230286,1.2854832506162388,0.8988233169527673,0.6873116226549725,2.6135877295891987,1.6965836378004266,4.622679753704149,0.9955799028813854,1.006088775047063,1.101081826103174,0.2879335291670949,1.0354845076269743,0.8152924556381007,0.4256737347450532,5.1389083973772465,0.5914074502428468,0.29636444432652753,0.7489478757284849,0.15590250825229704,1.6391598776999976,6.785790984962232,1.5447546474574483,2.7397627407409746,2.102628122591259,1.1430766118436915,1.7093976397143715,0.6731424809602626,2.538164092329928,2.658485245785045,0.8719960302527062,0.17450867698964334,0.25633866376933767,0.7528911160637972,1.1218716958976804,0.9494134938428223,0.25841768803301013,0.8502972916536408,2.2650923066703887,1.4555922745789744,1.5447874737223344,2.1383553866040086,2.3579807015724947,0.7733917736217841,2.662049887393008,1.0684384716781778,1.1520645655106116,2.6552039072181275,1.6900594921358811,4.879904964933449,1.9304831308016266,2.319420247249708,2.2228455225411787,4.675821865522245,4.3234588783259165,3.610272529361897,2.4974259693882086,2.446666829094588,2.0301019478816276,18.936523876949124,2.6556412995273995,4.28260985642146,1.589730819847348,1.4223859468362041,0.6394851461359733,0.9679053803564917,1.2087775407681378,1.5935673368156773,0.8423332944523217,2.596469511437412,1.7180761612427822,3.213512288980552,2.2275947103241833,1.3357807718875316,2.2398515489844626,3.0390481987295606,1.4042431339134196,1.1833687225506129,18.29102323127388,0.25111901337347015,1.521752649744271,6.229509568551555,6.889743477635513
1.250062449656785,1.6467991534007658,2.363658081413875,3.365671628294614,2.4203190845227094,0.0,2.6920030019670143,3.6500900926213835,1.6018378312046468,1.8020366676300423,3.197053996947748,3.893971228351826,3.6165338553661397,1.5682779434699472,1.4294174654642235,1.4945333713984377,2.181877549123462,1.5361564161691184,1.6646359733519784,2.063686319558109,3.8081195148288884,2.4457699166476097,2.2290337914160814,1.7265397783851142,2.563470496360792,0.7896241590519192,4.656046042429691,0.8875893320495641,4.929063291271901,0.9243449955376949,3.551905285753193,1.246793428554349,1.7643721964429666,1.7593085761554466,1.630510825724987,1.762342119544124,2.4358531488233384,2.388446101621663,1.8699884502543074,2.3164818987694913,2.4544471300048216,2.2385384995041817,1.6522843389075013,1.1972279414273788,1.3898825310067153,1.0444922445698142,0.4556278011473271,2.6643700758233795,2.970952164116993,1.4400984436373339,1.62897825297066,2.697853577211783,2.4030851834348326,1.6305007297667813,5.815958647679828,1.9988529890056357,2.2790224663032252,2.524202963197499,2.5067172065877443,2.1188627028632143,1.436475814728976,2.6390993590447214,2.1751196083093474,2.0465642116027967,16.9160500357633,5.023747258087539,2.2067743050766264,1.6270092258292221,1.8068885985441248,2.7967950581709213,1.690313852361024,1.615410942859578,2.75135655478147,2.0660931722519273,1.813784016638129,1.5135604428497311,2.1110849171064703,4.338891103438176,2.360013933852149,2.767088006847809,2.431726967357275,1.4434051758119801,1.4884770553869116,19.972071203753814,2.169404986825431,1.244281798169255,5.189057269079675,4.983589473960602
1.477340650699756,3.2871280915550924,1.0524550907135024,2.371193232596661,2.0187050712230286,2.6920030019670143,0.0,2.973444553221699,1.6658975291241087,1.6845581528436229,0.624094290146962,2.080076426902771,2.880579106544211,1.569973987886227,1.8605648853528245,1.5436294742328438,2.117069709067718,1.5649444459194017,1.7021755456152643,2.163350718351045,3.5279370969579964,2.5810343904371087,1.759735219605608,1.710283491335695,2.1223007054745273,2.1395318715153677,5.734120736995103,2.2810236238040438,4.484396646406148,1.803700578421732,2.718764762830822,1.451470062510091,1.8150254622330395,1.3715221965527393,1.602139535763472,1.4673132393620933,1.8545833018010107,1.7638643820583446,2.3897657183652514,0.8999475302442888,1.081654230871758,1.802027425334006,2.254021346955865,1.643951669866531,1.3801704143336961,1.7533654776744496,2.757835421467335,4.137350267589932,1.7009162321928541,1.7664220611319217,1.4042010947865866,0.9758389962194364,0.9569215996653557,3.1550143648781925,6.891226275877644,0.7174784654756915,0.6937388128246558,0.3696068291087688,3.8987522315503336,3.6586323181455604,3.077555645675371,4.2325485162973795,0.9146242316793799,0.7083758825977134,17.50686916955035,4.108096511656749,3.4604779155994576,1.0838629746928343,0.9712149853931504,1.6414363366482727,1.439795632515802,1.2930144588945323,0.5240125458037209,2.63785784144455,1.3823716474730272,1.1793569693720745,1.8756056275514363,4.082364590797431,0.6874218956926917,0.22642951827786248,4.519307090711535,1.3482417096972588,1.4629542397778814,20.13366079028558,1.9551087020486722,2.7301362480115614,7.640060635763419,7.675582643599097
2.8713888899511995,2.667943371508783,2.0103817428073234,0.6181921811655331,1.2854832506162388,3.6500900926213835,2.973444553221699,0.0,2.1841584171328807,1.9727014132502552,3.4727145697802824,1.520381479671146,5.772977920682098,2.280036630723229,2.276443180406539,2.385167671528193,1.4766238403934417,2.3199979755790707,2.1001678676793087,1.5875516096695341,6.338407702846051,1.2543282171650656,1.5569905621138962,2.0340143513051623,1.1298477990309486,2.8907495831919756,8.07052379422966,2.762517330835975,1.5204479621481604,3.387913931836469,0.27340541690787906,2.9872686119390486,1.9520854673816028,3.7688627825740197,3.9095494736032967,2.1445882082666303,1.3492601356854852,1.4346929052694233,1.8057177026248465,2.180369561288893,1.9438328743505207,1.527911669127096,2.002648005083153,3.5416413976184624,2.730673479199779,2.828585341101388,3.3150142440499843,2.711582488354358,1.274276483620066,3.929884736489881,2.3413092863660356,1.9976103320231224,3.7773534538967595,2.5437316070564813,4.35855589615146,3.093852500639826,3.4386530991072903,3.263298926880873,5.960562951443087,5.606081286111775,4.891754415960489,2.8913483427834694,3.6003804819907965,3.186200128271595,20.202138101174572,1.3776223224355368,5.568081276755164,2.8281772741849,2.6333144528536416,1.3405880463233453,2.2414812390014647,2.4715246042997694,2.4609463037695716,1.6923685779031816,3.822786002947906,2.9694241961883407,4.442404391163189,1.1284141957297302,2.3719409648868446,3.1982320194669196,3.6419968132087996,2.676506859749203,2.4637037530428127,17.164005069984892,1.5254496593553772,2.5778027563723294,6.681129387889106,7.744022536800637
0.7117907647182785,1.6288448159604674,0.8708615252071372,1.8015965123097581,0.8988233169527673,1.6018378312046468,1.6658975291241087,2.1841584171328807,0.0,0.21433223282634142,2.2875469857240605,2.3021165196260727,3.8821657633874294,0.12528577952491154,0.22470600856655773,0.2221196247430439,0.7549222562138918,0.15781041837118942,0.08637880519873678,0.703561432538064,4.339958494718175,1.1972087989149014,0.6505401621311935,0.1506258109294104,1.0543161308418716,0.8158586611946373,5.8888902231498195,0.8091632198464097,3.615657420465339,1.205458320370555,2.0347046984833033,0.8367583251527856,0.2534646314049242,1.73706859252124,1.8215903184935258,0.21937421880595961,0.8655811827329414,0.8032131547010494,0.7873001249081759,0.9027431260830859,0.9424286408360444,0.6698736446144953,0.603242973042504,1.3879118426073032,0.6010570388032739,0.6481994097518468,1.4158906348535805,2.4838900926956002,1.369452318710092,1.7972751952618862,0.28299975964301766,1.2143691925803406,2.008183375112926,1.4928840373512167,5.381947123459907,1.2836848206608733,1.7019191577267605,1.7264470588117957,3.7771187988733512,3.426188563899283,2.714232143555737,2.5710539759437756,1.7685796132402851,1.3841479758145447,18.05755644184547,3.553490566831998,3.3842504075557436,0.8305275599636005,0.7620029980586622,1.195147752067081,0.22620035771026936,0.43512773477612304,1.4506938097735358,1.0637491112535469,1.8005790311229048,0.9146100959464297,2.4000449333403746,3.077261083366164,1.0514774586790598,1.8470875821578165,2.873981749081339,0.5634962020713724,0.32527438998764213,19.08123563865754,0.6633928491881941,1.097830084405885,6.036405110388135,6.36091534193994
0.9089298961064859,1.666629656652933,0.7790057734650014,1.5882408528696055,0.6873116226549725,1.8020366676300423,1.6845581528436229,1.9727014132502552,0.21433223282634142,0.0,2.308524041746124,2.1204080317591427,4.033351589079138,0.310044450568768,0.38123131472756044,0.41589076874726233,0.5690876433485718,0.34962437862398277,0.13823055963177705,0.5439162207360635,4.51079038860801,1.033131618224644,0.43699418162911813,0.07617548065593698,0.843138735688271,1.012798988265743,6.098587765503814,0.9780597130041369,3.4142194097618894,1.4153181889268196,1.820638281683757,1.0308252089974879,0.13154523652678574,1.903600474956489,2.0024979840690285,0.24205677068674733,0.6516441800143982,0.5916939494672263,0.7074069779327006,0.8494662512912625,0.8343145496992478,0.4555670637919021,0.580669796923431,1.5857350092355968,0.7835794200939674,0.8624446197761289,1.5900079274609282,2.454333785353946,1.1768583458295074,1.9898946940712254,0.413550032606133,1.1085784144873065,2.122278636675222,1.523923575048013,5.278381873518746,1.3888505307623031,1.8032328304933334,1.7892718658474571,3.989902479689367,3.6399417565089167,2.9283057367255325,2.555010117351526,1.8910150839292603,1.4907458657583361,18.258486787235015,3.340334199384859,3.595397057004434,0.9707294673257871,0.8576038239311812,1.0024282815286363,0.31939709722911525,0.5688239443719437,1.4054922113537636,0.9677391088973588,1.9654093357148237,1.0758581052330207,2.573325853310313,2.8831241959494998,1.0283388850500776,1.8807538405833681,2.9188130994719548,0.7379269608373223,0.5056700315910188,18.908113504902403,0.45918867255260365,1.178280634901054,6.100372373853173,6.50342491028046
2.0369102271252766,3.9035618510487025,1.650200336708702,2.8573137741601053,2.6135877295891987,3.197053996947748,0.624094290146962,3.4727145697802824,2.2875469857240605,2.308524041746124,0.0,2.3764439399262924,2.618922855530146,2.188801818123164,2.4781053198516143,2.157034174984545,2.7295310747943264,2.181903326035249,2.325521791733835,2.781325619537461,3.3249314396990117,3.1867822740491993,2.3665271540946033,2.3342995564859406,2.7066737826661815,2.713481353369915,5.735226521411636,2.8709894645254974,4.95910959183467,2.2795739758908016,3.2077028674188757,1.9900202793109028,2.439073350614316,1.6479264273600214,1.875830046031832,2.0909804956375817,2.4448660641533793,2.3572998291499356,3.0132030961708764,1.5086896131292316,1.6651230774274544,2.4083791789049793,2.877824380531923,2.062412857422061,1.9601831177394968,2.3244636772752068,3.312034988340786,4.761421606289067,2.2043924562392103,2.073445471338483,2.021742533172428,1.5073716610923111,1.0270148989137033,3.7732509433963486,7.493167960689155,1.203629096634608,0.9572193193871747,0.6728621900595333,4.0606045803286195,3.8706417172038328,3.3658516045699587,4.856038345390125,1.1355819568957795,1.1504908546852926,17.275659639051852,4.509912387775521,3.6282300310762174,1.6488670455533068,1.5720240134006678,2.175459423801535,2.0613467167309554,1.9032608962457116,1.035995516530258,3.2592878715953297,1.633635955482295,1.7146520028692427,1.9657753094319181,4.5967090326327655,1.3006528655635134,0.45190102695975365,5.12906822155763,1.9356761860307732,2.0715118458742916,20.594411188122617,2.56687179898234,3.3407980917436286,8.22974385868235,8.164592918111634
2.7563631229105154,3.531439700059768,1.581382630471147,1.0272929327955866,1.6965836378004266,3.893971228351826,2.080076426902771,1.520381479671146,2.3021165196260727,2.1204080317591427,2.3764439399262924,0.0,4.943897442145718,2.3258142905085877,2.501191979133873,2.4013772214653,1.9829960052314626,2.3578564658465377,2.2508780623780296,2.118709798430899,5.606415072976707,2.144196738513382,1.7446694091134307,2.1961293070297963,1.6306227814691157,3.1160901741413856,7.739115104829146,3.0984501210376765,2.7686811196805623,3.2851108374081357,1.2681659797498728,2.8291442254534185,2.1939209843948246,3.2891612074252286,3.49166985016572,2.1316461951930568,1.586201384466755,1.5909714245565054,2.449169323679911,1.6892752424037936,1.4842788227172903,1.753136585295635,2.5195252715900414,3.302062805910382,2.594831622690954,2.870169801871764,3.7104115529617214,3.926665783758947,0.9547924661777697,3.592773162513306,2.2760085474656973,1.311881644183905,3.029066851221399,3.384835812958483,5.878924326804314,2.5303685130661737,2.7283484851135973,2.442963084753903,5.773405948496576,5.474687595295014,4.804875619951951,4.087426081758028,2.9382996185883696,2.5906040981040044,19.58614945058809,2.1815050677120946,5.3433607746325125,2.513038398461209,2.2813008920843716,1.1252401009413122,2.2061445579858674,2.3254005585600233,1.5889093453980974,2.5136852614161223,3.3229219930139107,2.6743658762342486,3.8959608132242716,2.5693446754061093,1.7682108060211996,2.267593441023568,4.708153536697648,2.5333429992232324,2.4205418947037205,18.286305546612674,1.8940641859543426,3.1989907142309404,7.8776888278775035,8.575631877044747
3.222328325505664,5.081116750613717,3.762746806030813,5.20062334698719,4.622679753704149,3.6165338553661397,2.880579106544211,5.772977920682098,3.8821657633874294,4.033351589079138,2.618922855530146,4.943897442145718,0.0,3.7571630451027858,3.949040004218403,3.6643180836557305,4.596068902323213,3.7251661978400836,3.9611795904983196,4.5755385076361685,0.7473318757664305,5.066470484717384,4.326981573052548,4.0094657547541885,4.762439589232881,3.716320535473094,3.447952875076718,3.9476497880507964,7.293002907607459,2.953361478353682,5.537251257336817,3.09819884399031,4.1275246066824405,2.157314987899952,2.1349239491096976,3.797909881782844,4.495077332059122,4.40035506563,4.64882222135393,3.592627528731203,3.8301323209250606,4.366731833602386,4.426320406528976,2.6464679618461155,3.2911113161356003,3.4486961771330553,3.9998776001770997,6.11127524396925,4.532336453797704,2.2559816888414446,3.621280962180729,3.8154912248793784,1.996058094071699,5.00522344004899,9.198292939788361,2.695302758663489,2.3343587733153726,2.540083188742987,2.56909713485362,2.648059498402922,2.666013893516021,6.132649961191407,2.1802141161421926,2.597906436837297,14.658731859997426,6.9785794869687034,2.2979199862889144,3.062624848191443,3.2028981943282453,4.437966726846729,3.714003747660102,3.4648142329749896,3.40009817872519,4.928097043281041,2.091395774739067,2.967671012539042,1.5530420808871417,6.832860432133773,3.4040279718555677,2.6793811827271363,6.043868962098677,3.3209874453827957,3.557966290711686,22.911208091283765,4.460563023200091,4.52197663099133,8.651023888025358,7.751648080515591
0.5992476516174033,1.7176088844051314,0.840417521768035,1.8759631644192163,0.9955799028813854,1.5682779434699472,1.569973987886227,2.280036630723229,0.12528577952491154,0.310044450568768,2.188801818123164,2.3258142905085877,3.7571630451027858,0.0,0.2915636425806938,0.10584693856875943,0.8704800686691001,0.03997514055644315,0.20564552500641867,0.8255009269620694,4.217510692788482,1.319395373223616,0.731143938073286,0.2620093199055721,1.1514802850430936,0.795097462775738,5.790525792471257,0.8241756457880006,3.723985068989591,1.1084301427849266,2.1216051262591535,0.7220936205350149,0.3742597615538503,1.6133894792311723,1.7014089575650286,0.19523799923424903,0.9461910613089032,0.8760643344825287,0.9107318080246322,0.8492200656080925,0.9203163258046992,0.7553678076228346,0.719770185785212,1.2762371069395395,0.4800722611759417,0.5722833601764304,1.4174270300794785,2.5935871224384957,1.4090891994808796,1.682269194877594,0.16857253545415313,1.1860504358918185,1.88507086467011,1.5850606664411193,5.505349460467962,1.1629131866920832,1.5811655806269085,1.6150711899877697,3.686413373978811,3.339886937151606,2.6305749443721274,2.676674090589685,1.644581571496528,1.2628985111820692,17.948676602270044,3.6443280912240454,3.2890339303174803,0.705693991552831,0.6461300829421414,1.2362879259853747,0.14707648357578057,0.3134824328390811,1.385124093725635,1.1879278422666928,1.6766610459038074,0.7897887868710475,2.277893688353114,3.190499408242037,0.9793435017355466,1.7448786810808474,2.9561500237458143,0.4400167250776806,0.20208619378984047,19.202768727131634,0.7689200617120246,1.170949018330995,6.106707323845547,6.381890877409712
0.7304523833890517,1.4265890817725484,1.0955121541460764,1.9411664130565023,1.006088775047063,1.4294174654642235,1.8605648853528245,2.276443180406539,0.22470600856655773,0.38123131472756044,2.4781053198516143,2.501191979133873,3.949040004218403,0.2915636425806938,0.0,0.3289295608999377,0.80610464402843,0.296257239232234,0.25217410841606847,0.7191776010793076,4.374906436553573,1.1943765485719253,0.7996456030030971,0.3052190518146667,1.1564738562108234,0.6404243816157851,5.822010599080385,0.597947107336694,3.6656545473372577,1.1567491626793025,2.148761681309495,0.8571049289164565,0.3365315739954611,1.7923553853024883,1.8496633432115315,0.4429014458685026,1.0072772430475294,0.9592924097521099,0.7018722731349083,1.125022534016971,1.1662721542883043,0.8095501735602818,0.4784589490949112,1.3816976608454234,0.6637089227646586,0.5753935501179199,1.20939093937569,2.318705041494536,1.5578605815377917,1.7994060807351695,0.4564915932350966,1.4387079974153627,2.1290552128796154,1.2951458280361938,5.27461362753091,1.4221608687570448,1.8382832363629096,1.89406684782424,3.6935331416492923,3.3331900048486527,2.6177530173667254,2.395902114939666,1.8827643569551837,1.5195954755378385,18.019795590220628,3.6530680419479507,3.312945404613135,0.9445481042996094,0.9226732904023962,1.3834910336957897,0.43187153014097923,0.5841558442120541,1.6694743144267847,0.9801451267376133,1.8579174063578427,0.9964867605279503,2.4377321330386486,3.1099494220247035,1.2666138232434627,2.032584869117727,2.664698781768369,0.645011149794615,0.42998089566855674,19.061313216642297,0.7564780032630662,0.8809707872899912,5.8187429270497715,6.140067967423433
0.4936598288822438,1.746912777873364,0.8859615677601012,1.9758722774821733,1.101081826103174,1.4945333713984377,1.5436294742328438,2.385167671528193,0.2221196247430439,0.41589076874726233,2.157034174984545,2.4013772214653,3.6643180836557305,0.10584693856875943,0.3289295608999377,0.0,0.9745451592508453,0.0665474205847789,0.3068614649242355,0.9256783624080636,4.118094559378118,1.4192799688312177,0.8342935074431107,0.3661681891215407,1.2569713825013142,0.7357331888041962,5.6853563176481545,0.7924390426080731,3.8297297841085958,1.0040313240192054,2.225012179022682,0.6170513437129279,0.47528701092197095,1.5162840452259438,1.599519446145374,0.2743663860472582,1.0488920069292367,0.9768525994381131,0.9926075597130578,0.8750734414096314,0.9711927581679904,0.8594558321026089,0.7895382118348829,1.1706741645415912,0.3790284194214497,0.47874847884550753,1.369264987401687,2.647414210075926,1.4950866834217562,1.5775265232699471,0.15452969604902328,1.2297759858961206,1.809440763524878,1.618658221975369,5.584387427538357,1.095577956503778,1.5127841143176721,1.5656292771577025,3.5829703527738044,3.237768434274011,2.5294816537295883,2.7246808853545947,1.5659235468950015,1.1939515510237253,17.84292889109132,3.7484123794744875,3.184538141089086,0.6250598308288295,0.5944696439742336,1.3235454656976133,0.19578485249452204,0.256079835957991,1.394398211438134,1.2714577470936181,1.580109982005998,0.6970532693346086,2.178107952634275,3.295498217885082,0.9850760332311349,1.7093287731621514,2.975782919939754,0.3434622322386963,0.10752400425272299,19.303342578908456,0.8746973748918039,1.1867118696587893,6.112051548806412,6.342945634462127
1.4666820484913312,1.5553706150926547,1.0870917620901273,1.21498567491917,0.2879335291670949,2.181877549123462,2.117069709067718,1.4766238403934417,0.7549222562138918,0.5690876433485718,2.7295310747943264,1.9829960052314626,4.596068902323213,0.8704800686691001,0.80610464402843,0.9745451592508453,0.0,0.9082636191705341,0.6687129476747021,0.1382312419314427,5.079719434449775,0.47887647626533314,0.37250229406720314,0.6085263631304518,0.3964463536485018,1.4145014393522877,6.6255976582196565,1.297076603673703,2.8662279664851287,1.9487711247453259,1.3706728931219554,1.5912939493199725,0.5033528422075658,2.472407232306461,2.570429078451631,0.7984733390175099,0.4138452000810388,0.4514875895373559,0.4663363812206789,1.2208424673673623,1.094218298380853,0.3342246339188419,0.5709761884278907,2.142715983070168,1.349726011320996,1.3735008115111709,1.8769355382760482,2.130565534878445,1.0503326556187433,2.5518950700306338,0.981875442000575,1.3313093415690787,2.6628864110804895,1.4075105958278122,4.779476542137308,1.9288575043804754,2.3350609985994195,2.2800209471020296,4.499562084311284,4.139039542758622,3.423431785224641,2.2606507768153965,2.439618168495847,2.0305781974129813,18.809661432763644,2.8542306829344057,4.117115007180442,1.5351117182480896,1.401534329393989,0.904366897558036,0.8852898904889352,1.1354890919071106,1.7390542961461881,0.5897085976776649,2.533968114816038,1.644617565265749,3.142408647248918,2.3226074746635645,1.4303820008608656,2.330410292990514,2.768846102053808,1.3060120464169478,1.0710770746329021,18.339208755084307,0.1629110519741293,1.235906330730822,5.963190901457297,6.601840179407621
0.5602042541052429,1.722276926512586,0.861458953089537,1.915156368684528,1.0354845076269743,1.5361564161691184,1.5649444459194017,2.3199979755790707,0.15781041837118942,0.34962437862398277,2.181903326035249,2.3578564658465377,3.7251661978400836,0.03997514055644315,0.296257239232234,0.0665474205847789,0.9082636191705341,0.0,0.24131955707686487,0.8608976679931448,4.182311637072294,1.3546902965668899,0.7709430594180168,0.2997859089891714,1.19138628755623,0.7670091013899997,5.750573067366171,0.8053467795202743,3.763247570115139,1.0684579888815373,2.161470398529822,0.6835343945275392,0.40999477800263484,1.5792687112692991,1.6648442838985738,0.2262222814417476,0.9859255679339224,0.9154020977281397,0.9370668870850674,0.8630872625551528,0.9433740917473309,0.7952967626812583,0.7404493934535384,1.237217967924781,0.4437512738473473,0.5341784384886983,1.3935504477948903,2.608326309462487,1.4443266825632188,1.6439508446399846,0.16089395964796363,1.2067900316740359,1.8605028449216492,1.591366452034883,5.530918068625255,1.1415088856552231,1.5595258881640355,1.6010613709427028,3.646523389280793,3.3001858942846267,2.591051192792542,2.68904968931909,1.6186854281135687,1.2408961510429346,17.909412738991083,3.6842718630110105,3.249061621718945,0.6784544265333006,0.6302390166004899,1.2718799607076576,0.16420111133452586,0.29358393345661704,1.3934321318809788,1.2151544129591734,1.6428135472059373,0.7574952296925658,2.2424699611956447,3.2289983033548353,0.9859454721032783,1.736369811028141,2.9573578787766714,0.40571189722933204,0.16753475796134829,19.238536781062372,0.8082519244437201,1.1700076826831927,6.102699642819977,6.361773780435474
0.7979701424788714,1.6076223802600895,0.8604140329190408,1.7252926999517129,0.8152924556381007,1.6646359733519784,1.7021755456152643,2.1001678676793087,0.08637880519873678,0.13823055963177705,2.325521791733835,2.2508780623780296,3.9611795904983196,0.20564552500641867,0.25217410841606847,0.3068614649242355,0.6687129476747021,0.24131955707686487,0.0,0.6198897417718946,4.423121989800339,1.1137752859805314,0.5742912828294249,0.06659578499632249,0.9704842589610788,0.8757895041277463,5.9739725811627,0.8497822601059851,3.5293824123799777,1.2907443566257337,1.9534737740470565,0.9227212193324686,0.16872581807440326,1.8189457652243883,1.906156447120723,0.2357694640454726,0.7882684572909924,0.7297913582732622,0.7217052396395248,0.9084633619092991,0.9254273078891719,0.5912544185793874,0.5536368585870555,1.4742350363398937,0.6850393277478286,0.729838517860198,1.4606285890187176,2.4385089861384817,1.3110899459728518,1.8833001475433584,0.3485281963049315,1.199514326071806,2.076726369813978,1.4686553934743962,5.314088919720448,1.348591836951205,1.7663094052111026,1.7783972114211428,3.8605891045811953,3.50852272663307,2.7959321699088524,2.530517966755883,1.8393291386051658,1.4496919066241363,18.14389849874996,3.470686334468623,3.4687989423557153,0.9046701102208785,0.8219324349743703,1.1365773406778197,0.2741947750622311,0.5047064815842079,1.4619710506975134,0.9951017856854049,1.8821262060969945,0.9945356518203335,2.4834395646706144,2.990939185905731,1.0700344871743666,1.8890882660723656,2.8570196843333475,0.6456604469073166,0.4076679652005372,18.99735169045868,0.57787419980502,1.0933680481540695,6.028339547918039,6.389269055463306
1.41063600639532,1.424998987356157,1.1543641072098387,1.3494899628595478,0.4256737347450532,2.063686319558109,2.163350718351045,1.5875516096695341,0.703561432538064,0.5439162207360635,2.781325619537461,2.118709798430899,4.5755385076361685,0.8255009269620694,0.7191776010793076,0.9256783624080636,0.1382312419314427,0.8608976679931448,0.6198897417718946,0.0,5.043008818654074,0.4938965610219037,0.46210221893008135,0.567082935770326,0.5319647973921403,1.3057508200522772,6.5401510526953155,1.1766775400617127,2.9468142182258426,1.873603125266524,1.494092342790883,1.5369821676531583,0.4512546623883278,2.438284245493997,2.524989531783071,0.7842783610410341,0.5414593924693862,0.5672551295331967,0.3331091292506983,1.2763169438747997,1.1715748447382377,0.4298710336754327,0.4362866801967733,2.0823033272815805,1.3045711880632402,1.293621017996328,1.748298924407704,2.0370117251739503,1.1815757074301985,2.4956996176834965,0.9542652751511574,1.4199795018271988,2.663465852737543,1.276801538243897,4.750461833077376,1.9291787284852895,2.3410101483598607,2.306039079506572,4.407924755943029,4.043900213764478,3.3279591730195484,2.1608965020329656,2.4341278991350874,2.031144762386769,18.73754822107103,2.9638256224537103,4.030912859212824,1.5134480466617355,1.3982942042951307,1.0312398218705878,0.8628465778801632,1.1109216148600154,1.809421830948477,0.4931695321789208,2.5011592337856783,1.6123448576440385,3.1033104208379383,2.391721779031851,1.480840402709809,2.3718954208987606,2.6465332428997463,1.2654549115147404,1.0275561493237702,18.377683701875338,0.25256952495591006,1.0977508007255903,5.842364429230811,6.464152216771568
3.64585096186216,5.374299008631081,4.335421239553901,5.787289435933214,5.1389083973772465,3.8081195148288884,3.5279370969579964,6.338407702846051,4.339958494718175,4.51079038860801,3.3249314396990117,5.606415072976707,0.7473318757664305,4.217510692788482,4.374906436553573,4.118094559378118,5.079719434449775,4.182311637072294,4.423121989800339,5.043008818654074,0.0,5.536897059854406,4.842877279790026,4.477299095652837,5.285337186626372,4.049927290569975,2.740923273937085,4.280770646066045,7.851797554322588,3.2904474471839067,6.114690953687366,3.518688562293459,4.591768431697137,2.6073803910646136,2.525271490974597,4.285291941819507,5.025267122291052,4.932216582696505,5.0755357289728655,4.168002017713473,4.4105097168334035,4.880566015653924,4.842749125344831,3.00967430357588,3.739102575103875,3.8353898020541766,4.23000809962008,6.412686366036803,5.127781357543977,2.593776971873227,4.097922085266859,4.426008289847073,2.598379346635621,5.315821987984989,9.54368913000968,3.244922235235664,2.9259066388238533,3.1718191750728586,2.2302807582169892,2.41239715106233,2.6307807350314896,6.413763313076787,2.7449763642565217,3.154175563971845,13.9798301502573,7.587436419565006,2.07456112000527,3.5516248789578633,3.720126353797324,5.01969850939649,4.195341471041153,3.9455819047652,4.036627604073749,5.351421685610581,2.546376012648875,3.4351349925727086,1.9400900736792086,7.3651755681897155,3.993344823087937,3.3402453160525125,6.229652525683919,3.7776326011707253,4.015454042926022,23.418903880265248,4.955860193047228,4.843882892621785,8.63497112952049,7.513012537047145
1.901740765837168,1.4583954135211565,1.53686487789213,1.208793121705468,0.5914074502428468,2.4457699166476097,2.5810343904371087,1.2543282171650656,1.1972087989149014,1.033131618224644,3.1867822740491993,2.144196738513382,5.066470484717384,1.319395373223616,1.1943765485719253,1.4192799688312177,0.47887647626533314,1.3546902965668899,1.1137752859805314,0.4938965610219037,5.536897059854406,0.0,0.8213388341616338,1.0605122872112387,0.5589519292375168,1.7308116365443535,6.9961473469092805,1.5669020216970968,2.497531419079959,2.3505828165283082,1.237200304681877,2.0284825956496335,0.9451509552555878,2.9320258345934285,3.0181505005121405,1.2698865075529044,0.7658715559860916,0.8418796861844783,0.5757887426182107,1.6813176906531437,1.5303736172925315,0.7791297744442177,0.8028232423410893,2.570224740694413,1.798265837687506,1.7688655243275604,2.0808075638980563,1.8035904987117153,1.3036240153897214,2.985327916614927,1.4458600332469542,1.7427141661477212,3.14113253190808,1.3226516532791948,4.310334080667306,2.4068605348862633,2.813854154121043,2.755773824000719,4.854733005151213,4.48418097599914,3.769261732579221,1.9548667411892198,2.916412183902159,2.5086633467651565,19.210484306097417,2.5985062349573558,4.4881091090426635,2.003846527090625,1.8783774591443907,1.2002741355077349,1.3524674274183175,1.601851145255922,2.1774847379063242,0.4411706091246641,2.9947787679267455,2.1056618940337124,3.597152879644979,1.9252927175669856,1.8936885681342635,2.7976231629888995,2.570708344414824,1.759349208414854,1.5214432259753852,17.884118717505057,0.6330271837540454,1.3241971553863086,5.73362226810907,6.560932654969111
1.315058682442218,1.8606270617583054,0.7184939447956746,1.1512491363705912,0.29636444432652753,2.2290337914160814,1.759735219605608,1.5569905621138962,0.6505401621311935,0.43699418162911813,2.3665271540946033,1.7446694091134307,4.326981573052548,0.731143938073286,0.7996456030030971,0.8342935074431107,0.37250229406720314,0.7709430594180168,0.5742912828294249,0.46210221893008135,4.842877279790026,0.8213388341616338,0.0,0.5087736285101963,0.44406339206014567,1.4397308106324593,6.516208144075488,1.3793584776855126,3.0297013256840475,1.8380050972383821,1.390720278334415,1.4302830264353912,0.46715853935517715,2.243393563863606,2.3671705786719714,0.5876998064328967,0.215441370458227,0.16056981139927984,0.7778277657675889,0.8599810940618111,0.7219485981482567,0.04255009553801059,0.7873528890129476,1.9847960424382354,1.1738213772119723,1.2970157394678292,1.9882832305603988,2.4969650726911308,0.7898809745245522,2.37641138644962,0.7845690937080579,0.9607191906413192,2.3631493398080097,1.7123575212571067,5.131515135187523,1.6361644534824349,2.0285944499085784,1.9443301194237905,4.417255071250711,4.070910143457479,3.36091932352302,2.6226747602831284,2.152162694061342,1.7361973009185472,18.651436561713293,2.9146469357560196,4.0180392336690876,1.294911681699942,1.1260609456124977,0.6217234323212268,0.6845593715961275,0.9191691585863387,1.3677437134393455,0.9526473851301576,2.3013068458645756,1.4258070430907732,2.918935099689677,2.5229610084001166,1.0724674416443052,1.9769053033473276,3.0965191938254395,1.120236597285154,0.9077397019487774,18.587272465591052,0.21310178209067965,1.4627311968610983,6.292953770688493,6.836253171116858
0.8592547496261996,1.6177124600299422,0.8351321069230861,1.659428545428543,0.7489478757284849,1.7265397783851142,1.710283491335695,2.0340143513051623,0.1506258109294104,0.07617548065593698,2.3342995564859406,2.1961293070297963,4.0094657547541885,0.2620093199055721,0.3052190518146667,0.3661681891215407,0.6085263631304518,0.2997859089891714,0.06659578499632249,0.567082935770326,4.477299095652837,1.0605122872112387,0.5087736285101963,0.0,0.9042454872762842,0.9371435831591162,6.039483975485339,0.9024629433371593,3.465903744819685,1.356076064820025,1.886877997530251,0.9831845509543,0.11948422234045092,1.8715801909287346,1.9630874739398088,0.2463492201291595,0.7223071856393446,0.6651446424645177,0.6940679651704758,0.8949658330781343,0.8950181304186803,0.52505236764958,0.5446474964411189,1.5360691910524826,0.7418171484054045,0.7963829456580509,1.5142992587461674,2.4271927787138776,1.2530213382035313,1.9436943110040756,0.3896444008801749,1.169565612200584,2.11370442838676,1.4766419509390971,5.279888415797073,1.3827593712423694,1.7993997130023562,1.7998869930128814,3.9268797697057707,3.575035375629194,2.8625018391173582,2.5234426119445597,1.878776351306807,1.4843115766458854,18.20702413634267,3.4042198104268775,3.5346583092685093,0.9490916933266655,0.8530899839119911,1.0785839871706921,0.3048332304744031,0.5468550070375218,1.450628129987886,0.9626344987894472,1.934267647849756,1.0452693690813721,2.5381999419854426,2.929472940394173,1.065594709633888,1.901745301488183,2.8691077204300095,0.6999767450129978,0.46330702047752126,18.942252107747258,0.5128145393256034,1.1174445298953417,6.046286426172143,6.432107644232537
